696
677
666
667
654
660
686
707
718
742
732
722
753
731
708
724
739
719
692
671
659
643
628
613
611
630
657
677
690
706
718
628
621
618
626
747
741
703
664
642
614
596
594
620
629
657
663
641
625
597
578
582
584
658
708
654
654
675
693
688
707
718
736
738
739
704
703
698
702
702
696
695
707
692
699
731
713
688
655
649
653
683
703
721
724
741
749
730
710
687
681
701
704
690
659
635
616
615
599
606
591
597
596
608
590
613
627
685
809
773
734
699
705
746
794
788
809
774
790
769
734
707
696
680
659
665
670
704
715
706
670
681
685
706
737
744
715
649
629
596
594
614
671
773
792
775
707
660
626
606
602
616
658
768
863
844
784
742
704
685
689
706
723
724
699
708
698
682
678
700
733
730
729
718
708
695
681
660
633
607
608
602
626
705
801
821
823
781
706
667
628
609
628
693
768
805
839
822
788
726
674
671
670
710
750
780
763
742
728
715
680
666
650
635
634
647
689
710
698
684
658
518
636
737
708
685
666
660
647
657
670
663
647
637
604
596
581
592
641
768
715
654
636
626
624
644
672
726
775
767
731
717
700
685
668
662
665
674
712
740
720
705
678
671
656
650
642
645
647
621
624
645
662
655
654
651
644
630
623
614
608
629
651
680
699
704
699
704
692
697
688
660
628
619
609
601
600
593
618
699
835
711
765
704
669
639
608
621
615
645
683
702
689
699
680
672
660
652
660
645
680
706
752
775
677
653
641
644
628
625
627
636
657
727
735
727
806
560
628
603
591
570
566
567
578
638
741
711
731
736
734
718
729
